Grading at 09/13/2022:22:35:39.130515
For commit ID 7933af6d785d197fd267319510ebcefbde1a7aea
Grading at Tue Sep 13 06:35:39 PM EDT 2022
....
----------------------------------------------------------------------
Ran 4 tests in 0.001s

OK
Grading at Tue Sep 13 18:35:39  2022
Passed: 1 -1 0 3 

Passed: 12 -144 -143 -140 -135 -128 -119 -108 -95 -80 -63 -44 -23 0 25 52 81 112 145 180 217 256 297 340 385 432 481 532 585 640 697 756 817 880 945 1012 1081 

Passed: 5 -25 -24 -21 -16 -9 0 11 24 39 56 75 96 119 144 171 

Passed: 7 -49 -48 -45 -40 -33 -24 -13 0 15 32 51 72 95 120 147 176 207 240 275 312 351 


Overall Grade: PASSED
